free
155048
153788
152780
151772
151772
151280
151028
150524
150272
157112
156608
155352
154344
153840
153840
153840
153840
153084
152076
151320
151320
150816
150816
156924
154912
free
154660
154408
153904
153904
153412
153160
153160
152408
151904
151904
151652
151148
150392
150392
149132
148124
147116
147116
147116
146360
145856
145856
145604
145604
145100
free
143840
143840
143840
143588
142832
141320
141068
140312
139808
138552
138552
138552
138552
138552
138552
138552
138552
138552
138300
138300
138300
138300
138300
137292
137292
free
137292
137292
137292
136284
136284
135024
135024
135024
135024
134772
133764
133764
133764
133764
140756
140112
139356
139356
139356
138852
138348
138348
138348
138096
137088
free
137088
136836
136080
136080
136080
136080
143296
142640
142640
142640
142388
142388
142388
142388
142388
142136
142136
142136
142136
142136
142136
142136
142136
142136
138116
free
138116
138116
137612
137612
144228
142972
142972
142972
150348
150096
149844
149844
149844
149592
149592
148584
147576
147324
146316
146064
146064
146064
145308
143800
143560
free
143560
143308
139528
139528
139024
139024
138772
138772
138772
137764
137764
137264
136508
136508
136508
136508
136508
136508
136508
136508
136508
136004
136004
136004
136004
free
135756
135756
135532
135532
