free
166288
166036
165280
165280
161008
160504
159256
158500
158500
157240
156484
155980
155476
155476
154216
153964
152452
151948
150940
150184
150184
149428
148420
147916
147160
free
147160
147160
146152
145144
145144
144640
144640
143884
143884
143632
143632
143632
142624
142624
142624
142372
142372
142372
142372
142372
149816
149312
149064
149064
149064
free
148812
148812
148308
148308
148308
148308
148308
147048
147048
147048
147048
147048
146040
145788
145788
145788
144780
145184
145284
145284
145284
145284
152780
151272
151272
free
151272
150516
149508
149508
149508
149256
149256
149508
149508
149256
148500
148500
148260
148260
148260
147252
147252
147000
147000
147000
147000
146748
146748
145740
145740
free
145740
145740
145740
145740
145740
145740
145488
145488
145488
145488
145488
145488
145488
145488
145488
145488
145488
145488
145488
145488
145488
145488
145488
145488
145488
free
145488
145488
145488
145488
145240
145240
145240
152924
152424
158448
156936
156684
156684
155424
154920
152916
153800
153420
152664
152664
151908
151908
151908
150648
149640
free
148632
148632
148632
148632
147624
147624
147624
147372
147372
147372
147372
147372
147120
147120
147120
147120
147120
147120
147120
146364
146112
146112
146112
146112
146112
free
145860
145612
145612
145612
158456
