zlib;bogo_ops;real_time;usr_time;sys_time;bogo_ops/s_real;bogo_ops/s_user+sys;CPU_used_per
1;811;30.04;30.19;0.09;27.00;26.78;100.81
2;1767;30.06;60.39;0.35;58.78;29.09;101.03
3;2650;30.07;90.92;0.24;88.12;29.07;101.05
4;3392;30.21;121.81;0.47;112.27;27.74;101.18
5;4247;30.12;151.79;0.56;141.00;27.88;101.16
6;4435;30.09;180.56;0.52;147.37;24.49;100.29
7;4906;30.15;209.58;0.52;162.72;23.35;99.55
8;5595;30.10;235.79;0.68;185.90;23.66;98.21
9;5573;30.13;235.81;0.95;184.96;23.54;87.31
10;5612;30.07;235.36;0.99;186.66;23.74;78.61
11;5573;30.15;236.02;0.93;184.82;23.52;71.44
12;5781;30.12;236.10;0.93;191.93;24.39;65.58
13;5492;30.11;235.63;1.06;182.37;23.20;60.46
14;5335;30.15;236.18;0.94;176.97;22.50;56.18
15;5232;30.17;236.30;1.09;173.44;22.04;52.46
16;5469;30.11;235.56;1.07;181.65;23.11;49.12
17;5200;30.21;237.07;0.97;172.15;21.85;46.35
18;5241;30.17;235.69;1.09;173.71;22.13;43.60
19;5170;30.23;236.92;1.22;171.00;21.71;41.46
20;5425;30.29;237.42;0.99;179.13;22.75;39.36
21;5141;30.24;236.16;1.24;169.99;21.66;37.38
22;4806;30.25;230.13;1.69;158.87;20.73;34.83
23;5418;30.19;236.87;0.96;179.44;22.78;34.25
24;5191;30.20;236.75;1.11;171.86;21.82;32.81
25;5247;30.25;237.15;1.15;173.44;22.02;31.51
26;5242;30.30;237.40;1.06;172.99;21.98;30.27
27;5462;30.29;237.81;1.07;180.35;22.87;29.21
28;5713;30.26;237.40;1.16;188.77;23.95;28.15
29;5396;30.25;237.43;1.07;178.36;22.62;27.18
30;5154;30.29;237.91;1.16;170.13;21.56;26.31
31;5351;30.35;236.87;1.19;176.31;22.48;25.30
32;5424;30.32;237.82;1.09;178.89;22.70;24.62
33;5375;30.34;238.21;1.17;177.13;22.45;23.91
34;5287;30.43;239.03;1.19;173.72;22.01;23.21
35;5498;30.44;238.73;1.17;180.64;22.92;22.52
36;5238;30.40;238.46;1.27;172.29;21.85;21.90
37;5380;30.35;238.43;1.16;177.24;22.46;21.33
38;5546;30.29;237.49;1.18;183.12;23.24;20.74
39;5343;30.43;239.73;1.20;175.58;22.18;20.30
40;5504;30.39;239.48;1.02;181.11;22.89;19.78
41;5409;30.56;240.93;1.26;176.97;22.33;19.33
42;5420;30.62;240.71;1.31;177.03;22.39;18.82
43;5583;30.38;239.33;0.91;183.75;23.24;18.39
44;5457;30.48;239.74;0.99;179.01;22.67;17.95
45;5506;30.50;240.05;1.02;180.50;22.84;17.56
46;5522;30.49;240.53;0.95;181.11;22.87;17.22
47;5459;30.51;239.87;1.03;178.94;22.66;16.80
48;5213;30.53;240.01;1.02;170.73;21.63;16.45
49;5596;30.57;240.92;0.89;183.08;23.14;16.14
50;5211;30.53;240.22;1.03;170.68;21.60;15.80
51;5892;30.52;240.18;0.96;193.08;24.43;15.49
52;5675;30.44;239.85;0.98;186.41;23.56;15.21
53;5344;30.52;241.21;0.78;175.10;22.08;14.96
54;5607;30.58;241.51;0.94;183.36;23.13;14.68
55;5183;30.45;240.09;0.90;170.21;21.51;14.39
56;5946;30.53;240.55;0.92;194.79;24.62;14.13
57;5397;30.46;240.20;0.95;177.18;22.38;13.89
58;5626;30.64;242.79;0.82;183.61;23.09;13.71
59;5316;30.55;240.93;0.94;174.00;21.98;13.42
60;5755;30.63;242.14;1.11;187.86;23.66;13.23
61;5695;30.70;243.56;0.90;185.50;23.30;13.05
62;5694;30.63;241.72;0.91;185.87;23.47;12.77
63;5821;30.67;242.09;0.86;189.78;23.96;12.57
64;5343;30.50;241.13;0.96;175.16;22.07;12.40
65;5586;30.87;245.14;0.93;180.93;22.70;12.26
66;5710;30.55;241.85;1.01;186.93;23.51;12.05
67;5623;30.83;243.44;0.96;182.40;23.01;11.83
68;5767;30.77;244.45;0.93;187.44;23.50;11.73
69;5285;30.79;244.50;1.05;171.67;21.52;11.56
70;5241;30.89;244.95;0.99;169.67;21.31;11.37
71;5754;30.76;243.22;1.02;187.04;23.56;11.18
72;5604;30.69;243.07;0.81;182.58;22.98;11.04
73;5711;30.86;246.13;0.82;185.08;23.13;10.96
74;5614;30.77;243.97;0.94;182.43;22.92;10.75
75;5556;30.74;243.87;0.85;180.76;22.70;10.62
76;5674;30.76;244.33;0.78;184.44;23.15;10.48
77;5798;31.04;246.69;0.65;186.76;23.44;10.35
78;5780;30.87;244.87;0.90;187.23;23.52;10.21
79;5566;30.78;243.96;1.03;180.85;22.72;10.08
80;5709;30.78;243.97;0.79;185.50;23.32;9.94
81;5628;30.77;243.44;0.68;182.90;23.05;9.79
82;5802;31.01;246.30;0.96;187.12;23.47;9.73
83;5589;30.81;244.99;0.76;181.43;22.74;9.61
84;5566;30.86;245.85;0.94;180.36;22.55;9.52
85;5355;30.83;244.72;0.90;173.70;21.80;9.37
86;5339;30.75;244.55;0.86;173.61;21.76;9.28
87;5797;30.88;246.01;0.84;187.71;23.48;9.19
88;5790;30.95;246.20;0.98;187.08;23.42;9.08
89;5912;30.94;246.60;0.71;191.08;23.91;8.98
90;5485;31.08;247.56;0.82;176.49;22.08;8.88
91;5823;30.87;245.93;0.82;188.61;23.60;8.78
92;5545;31.08;247.24;0.91;178.39;22.35;8.68
93;5947;31.05;247.51;0.73;191.54;23.96;8.60
94;5980;30.99;247.08;0.88;192.96;24.12;8.51
95;5615;31.07;247.94;0.89;180.73;22.57;8.43
96;5854;30.89;245.87;0.85;189.50;23.73;8.32
97;5500;31.06;247.02;0.72;177.06;22.20;8.22
98;5673;31.09;247.77;0.88;182.48;22.82;8.16
99;5710;31.03;247.38;0.92;184.01;23.00;8.08
100;5465;30.84;246.08;0.79;177.18;22.14;8.00
101;5734;30.90;246.54;0.80;185.54;23.18;7.92
102;5667;30.97;247.06;0.77;183.01;22.87;7.85
103;5513;30.99;245.21;0.78;177.92;22.41;7.71
104;5974;31.02;247.53;0.73;192.59;24.06;7.70
105;5765;31.13;248.08;0.66;185.17;23.18;7.61
106;5614;30.97;245.66;0.66;181.24;22.79;7.50
107;5754;31.15;248.03;0.91;184.74;23.11;7.47
108;5645;31.31;250.79;0.76;180.30;22.44;7.44
109;5487;30.85;246.82;0.88;177.83;22.15;7.37
110;5679;31.23;251.82;0.89;181.84;22.47;7.36
111;5846;31.20;249.44;0.81;187.36;23.36;7.23
112;5734;31.21;249.33;0.88;183.75;22.92;7.16
113;5529;31.26;249.49;0.88;176.88;22.08;7.09
114;5659;31.09;249.36;0.76;182.04;22.63;7.06
115;5665;31.32;251.24;0.77;180.85;22.48;7.00
116;5869;31.05;249.22;0.64;189.04;23.49;6.94
117;5966;31.33;251.62;0.93;190.43;23.62;6.89
118;5971;31.22;249.53;0.94;191.24;23.84;6.80
119;5510;31.17;250.07;0.83;176.79;21.96;6.77
120;5610;30.99;247.28;0.76;181.05;22.62;6.67
121;5938;31.56;253.24;0.99;188.15;23.36;6.66
122;5752;31.33;252.05;0.73;183.62;22.75;6.61
123;5775;31.62;253.38;0.71;182.61;22.73;6.53
124;5654;31.26;249.99;0.69;180.90;22.55;6.47
125;5905;31.27;251.53;0.84;188.86;23.40;6.46
126;5786;31.24;250.04;0.61;185.22;23.08;6.37
127;5653;31.34;251.61;0.61;180.35;22.41;6.34
128;5845;31.19;250.39;0.78;187.41;23.27;6.29
